STRONG GROUND MOTION RECORDS OF TURKIYE
PLACE                   : MUðLA BODRUM METEOROLOJI MUDURLUGU
EARTHQUAKE DATE         : 2017/07/24 06:59:25 (GMT)
EPICENTER COORDINATES   : 36.94630N-27.58850E
EARTHQUAKE DEPTH (km)   : 10.69
EARTHQUAKE MAGNITUDE    : 3.0 ML
STATION ID              : 4809
STATION COORDINATES     : 37.03304N-27.43997E
STATION ALTITUDE (m)    : 25
RECORDER TYPE           : Guralp cmg5td
RECORDER SERIAL NO      : T5J71/A1167
RECORD TIME             : 24/07/2017 06:59:25.000000 (GMT)
NUMBER OF DATA          : 2333
SAMPLING INTERVAL (sec) : 0.01
RAW PGA VALUES (gal)    : (N-S) 0.669047 (E-W) 0.516467 (U-D) 0.437384
Copyright EARTHQUAKE DEPARTMENT
DISASTER AND EMERGENCY MANAGEMENT PRESIDENCY
       N-S          E-W          U-D
   -0.000174      0.000271    -0.000061
   -0.000200      0.000248    -0.000087
   -0.000153      0.000289    -0.000040
   -0.000198      0.000248    -0.000086
   -0.000154      0.000290    -0.000039
   -0.000196      0.000246    -0.000085
   -0.000154      0.000291    -0.000039
   -0.000195      0.000244    -0.000085
   -0.000155      0.000292    -0.000039
   -0.000194      0.000243    -0.000085
   -0.000156      0.000293    -0.000039
   -0.000192      0.000241    -0.000085
   -0.000156      0.000293    -0.000038
   -0.000191      0.000240    -0.000085
   -0.000157      0.000294    -0.000038
   -0.000190      0.000238    -0.000085
   -0.000158      0.000295    -0.000038
   -0.000188      0.000236    -0.000085
   -0.000158      0.000296    -0.000038
   -0.000187      0.000235    -0.000085
   -0.000159      0.000296    -0.000038
   -0.000186      0.000233    -0.000085
   -0.000160      0.000297    -0.000037
   -0.000184      0.000231    -0.000085
   -0.000160      0.000298    -0.000037
   -0.000183      0.000230    -0.000085
   -0.000161      0.000299    -0.000037
   -0.000182      0.000228    -0.000085
   -0.000162      0.000300    -0.000037
   -0.000180      0.000226    -0.000085
   -0.000162      0.000300    -0.000037
   -0.000179      0.000225    -0.000085
   -0.000163      0.000301    -0.000036
   -0.000178      0.000223    -0.000085
   -0.000164      0.000302    -0.000036
   -0.000176      0.000221    -0.000085
   -0.000165      0.000303    -0.000036
   -0.000175      0.000219    -0.000085
   -0.000165      0.000304    -0.000036
   -0.000174      0.000218    -0.000085
   -0.000166      0.000305    -0.000035
   -0.000172      0.000216    -0.000085
   -0.000167      0.000306    -0.000035
   -0.000171      0.000214    -0.000085
   -0.000168      0.000307    -0.000035
   -0.000170      0.000212    -0.000085
   -0.000168      0.000308    -0.000035
   -0.000168      0.000210    -0.000085
   -0.000169      0.000309    -0.000034
   -0.000167      0.000208    -0.000086
   -0.000170      0.000310    -0.000034
   -0.000165      0.000206    -0.000086
   -0.000171      0.000311    -0.000034
   -0.000164      0.000205    -0.000086
   -0.000171      0.000312    -0.000034
   -0.000163      0.000203    -0.000086
   -0.000172      0.000313    -0.000033
   -0.000161      0.000201    -0.000086
   -0.000173      0.000314    -0.000033
   -0.000160      0.000199    -0.000086
   -0.000174      0.000315    -0.000033
   -0.000158      0.000196    -0.000086
   -0.000175      0.000316    -0.000032
   -0.000157      0.000194    -0.000086
   -0.000176      0.000317    -0.000032
   -0.000155      0.000192    -0.000087
   -0.000177      0.000319    -0.000032
   -0.000154      0.000190    -0.000087
   -0.000177      0.000320    -0.000031
   -0.000152      0.000188    -0.000087
   -0.000178      0.000321    -0.000031
   -0.000151      0.000186    -0.000087
   -0.000179      0.000323    -0.000031
   -0.000149      0.000183    -0.000087
   -0.000180      0.000324    -0.000030
   -0.000147      0.000181    -0.000087
   -0.000181      0.000326    -0.000030
   -0.000146      0.000179    -0.000088
   -0.000182      0.000327    -0.000029
   -0.000144      0.000176    -0.000088
   -0.000183      0.000329    -0.000029
   -0.000142      0.000174    -0.000088
   -0.000185      0.000330    -0.000028
   -0.000141      0.000171    -0.000088
   -0.000186      0.000332    -0.000028
   -0.000139      0.000169    -0.000089
   -0.000187      0.000334    -0.000027
   -0.000137      0.000166    -0.000089
   -0.000188      0.000335    -0.000027
   -0.000135      0.000164    -0.000089
   -0.000189      0.000337    -0.000026
   -0.000133      0.000161    -0.000090
   -0.000190      0.000339    -0.000026
   -0.000131      0.000158    -0.000090
   -0.000192      0.000341    -0.000025
   -0.000130      0.000155    -0.000090
   -0.000193      0.000343    -0.000025
   -0.000128      0.000152    -0.000091
   -0.000194      0.000345    -0.000024
   -0.000125      0.000149    -0.000091
   -0.000196      0.000347    -0.000024
   -0.000123      0.000146    -0.000092
   -0.000197      0.000350    -0.000023
   -0.000121      0.000143    -0.000092
   -0.000199      0.000352    -0.000022
   -0.000119      0.000140    -0.000093
   -0.000201      0.000354    -0.000022
   -0.000117      0.000136    -0.000093
   -0.000202      0.000357    -0.000021
   -0.000114      0.000133    -0.000094
   -0.000204      0.000360    -0.000020
   -0.000112      0.000129    -0.000094
   -0.000206      0.000362    -0.000019
   -0.000110      0.000125    -0.000095
   -0.000208      0.000365    -0.000018
   -0.000107      0.000121    -0.000096
   -0.000210      0.000368    -0.000018
   -0.000104      0.000117    -0.000096
   -0.000212      0.000372    -0.000017
   -0.000102      0.000113    -0.000097
   -0.000214      0.000375    -0.000016
   -0.000099      0.000109    -0.000098
   -0.000216      0.000378    -0.000015
   -0.000096      0.000104    -0.000099
   -0.000218      0.000382    -0.000014
   -0.000093      0.000100    -0.000100
   -0.000221      0.000386    -0.000012
   -0.000090      0.000095    -0.000101
   -0.000223      0.000390    -0.000011
   -0.000087      0.000090    -0.000102
   -0.000226      0.000394    -0.000010
   -0.000083      0.000085    -0.000103
   -0.000229      0.000399    -0.000009
   -0.000080      0.000079    -0.000104
   -0.000232      0.000403    -0.000007
   -0.000076      0.000074    -0.000105
   -0.000235      0.000408    -0.000006
   -0.000072      0.000068    -0.000107
   -0.000239      0.000414    -0.000004
   -0.000068      0.000061    -0.000108
   -0.000242      0.000419    -0.000002
   -0.000064      0.000055    -0.000110
   -0.000246      0.000425    -0.000001
   -0.000059      0.000048    -0.000111
   -0.000250      0.000431     0.000001
   -0.000054      0.000040    -0.000113
   -0.000254      0.000438     0.000003
   -0.000049      0.000033    -0.000115
   -0.000259      0.000445     0.000006
   -0.000044      0.000025    -0.000117
   -0.000264      0.000452     0.000008
   -0.000038      0.000016    -0.000120
   -0.000269      0.000460     0.000011
   -0.000032      0.000007    -0.000122
   -0.000275      0.000469     0.000014
   -0.000026     -0.000003    -0.000125
   -0.000281      0.000478     0.000017
   -0.000019     -0.000013    -0.000128
   -0.000287      0.000488     0.000020
   -0.000012     -0.000024    -0.000132
   -0.000294      0.000499     0.000024
   -0.000004     -0.000036    -0.000135
   -0.000302      0.000510     0.000028
    0.000005     -0.000049    -0.000140
   -0.000310      0.000522     0.000033
    0.000014     -0.000063    -0.000144
   -0.000319      0.000536     0.000038
    0.000024     -0.000077    -0.000150
   -0.000329      0.000550     0.000044
    0.000035     -0.000093    -0.000156
   -0.000339      0.000566     0.000051
    0.000047     -0.000110    -0.000163
   -0.000351      0.000583     0.000058
    0.000060     -0.000129    -0.000171
   -0.000364      0.000601     0.000067
    0.000074     -0.000150    -0.000180
   -0.000379      0.000622     0.000077
    0.000090     -0.000172    -0.000191
   -0.000395      0.000644     0.000089
    0.000108     -0.000196    -0.000203
   -0.000413      0.000669     0.000103
    0.000127     -0.000223    -0.000219
   -0.000433      0.000696     0.000121
    0.000149     -0.000252    -0.000238
   -0.000456      0.000725     0.000142
    0.000174     -0.000283    -0.000261
   -0.000481      0.000757     0.000168
    0.000202     -0.000318    -0.000290
   -0.000510      0.000792     0.000202
    0.000233     -0.000354    -0.000329
   -0.000543      0.000828     0.000247
    0.000268     -0.000391    -0.000382
   -0.000578      0.000863     0.000310
    0.000305     -0.000425    -0.000457
   -0.000615      0.000893     0.000401
    0.000340     -0.000448    -0.000571
   -0.000645      0.000903     0.000547
    0.000360     -0.000438    -0.000763
   -0.000640      0.000857     0.000811
    0.000304     -0.000329    -0.001145
   -0.000460      0.000632     0.001412
   -0.000243      0.000129    -0.002212
    0.003661     -0.000370     0.003784
   -0.002744      0.002821    -0.019006
   -0.004050     -0.024095     0.001594
    0.014300     -0.016133     0.015262
   -0.009370      0.022682    -0.014033
   -0.007970      0.002208    -0.002564
    0.014636     -0.016077     0.015389
   -0.003872      0.006913    -0.000973
   -0.023681      0.010674    -0.014390
    0.034093     -0.037734     0.009224
   -0.016078      0.056286     0.004962
   -0.000694     -0.037338    -0.011389
   -0.002540      0.018628     0.007804
    0.010828     -0.006311    -0.003670
   -0.010285      0.003007    -0.004334
    0.004447     -0.018838     0.009613
    0.000984      0.010833    -0.009226
   -0.015649      0.011752     0.009004
    0.028413     -0.024354    -0.006976
   -0.020604      0.039080     0.005736
    0.016593     -0.058421    -0.004205
   -0.012273      0.058409    -0.006099
   -0.001577     -0.020633     0.002074
   -0.001541     -0.015833     0.001829
    0.009504      0.014006     0.009303
   -0.007969      0.003908    -0.016548
    0.004336     -0.011688     0.008982
    0.006264     -0.005107    -0.000767
   -0.014586      0.017218    -0.002227
    0.001147     -0.007996     0.000973
    0.012931     -0.007071    -0.014599
   -0.008504      0.007221     0.022085
   -0.005037     -0.001051    -0.010956
    0.009746      0.006841     0.005736
   -0.000726     -0.010340     0.002093
    0.002704      0.008634    -0.013329
   -0.015086     -0.002461     0.003476
    0.012918     -0.026443     0.001042
   -0.007900      0.054182     0.007788
    0.016008     -0.070823    -0.005603
   -0.011014      0.063550     0.010719
   -0.006077      0.001446    -0.016541
    0.012832     -0.067365     0.004399
   -0.019059      0.066268    -0.001916
    0.027589     -0.054961     0.009893
   -0.019198      0.050821    -0.000461
    0.017274     -0.029059    -0.004551
   -0.013910      0.012232    -0.004041
   -0.010128     -0.003019    -0.002435
    0.011700     -0.008029     0.014440
    0.000811      0.013585    -0.012192
    0.000098     -0.009545     0.003511
    0.001908     -0.008392     0.005258
    0.004418     -0.003580     0.001182
   -0.004547      0.036729    -0.005439
    0.003636     -0.050235    -0.003240
   -0.024729      0.033876     0.007193
    0.028824     -0.016920     0.014200
   -0.004762      0.021871    -0.013698
   -0.000881     -0.001667     0.000834
   -0.001599     -0.025373    -0.004381
   -0.012827      0.016581     0.007510
    0.007592     -0.014093     0.003464
    0.013300      0.017208    -0.003279
   -0.013640     -0.000762    -0.001791
   -0.003256     -0.029532     0.010206
    0.011224      0.046351    -0.009688
   -0.000424     -0.021927    -0.008687
    0.000954     -0.021288     0.014932
   -0.011520      0.040799    -0.010401
    0.004576     -0.048313     0.005182
    0.004788      0.040465     0.010373
    0.001576     -0.006152    -0.011040
   -0.010141     -0.020462     0.003433
    0.004699      0.043082     0.004871
   -0.002837     -0.029331    -0.014733
    0.009859     -0.023177     0.010116
   -0.004111      0.045493    -0.002062
    0.001191     -0.027914     0.006995
    0.003902     -0.000922    -0.011513
   -0.017860      0.018609     0.011665
    0.015819     -0.006491    -0.008871
    0.000979     -0.001637     0.005717
   -0.008670      0.000804    -0.006452
    0.008057     -0.009304    -0.007365
   -0.002976     -0.014342     0.022768
   -0.012501      0.035685    -0.008827
    0.020376     -0.009188    -0.006810
   -0.009772     -0.020661    -0.001822
   -0.015261      0.011982     0.011936
    0.028320      0.008052    -0.009563
   -0.015513     -0.014850     0.003440
    0.013025      0.002986    -0.000224
   -0.018034      0.019700     0.004451
    0.010407     -0.028597    -0.013830
   -0.000682      0.024162     0.012486
    0.000965     -0.007118     0.001765
   -0.001166     -0.007728    -0.002414
   -0.011917      0.007304     0.001630
    0.013718     -0.004690    -0.003247
   -0.010375      0.029008    -0.008593
    0.019767     -0.054559     0.008074
   -0.032841      0.052288     0.003263
    0.021410     -0.039856    -0.005127
    0.009181      0.015548     0.009408
   -0.010383      0.009992    -0.013029
   -0.008553     -0.007508     0.010134
    0.010593      0.015756    -0.011624
    0.003953     -0.040613     0.008808
   -0.023379      0.041514     0.003854
    0.024636     -0.028303    -0.014508
   -0.013552      0.020408     0.004621
   -0.000736     -0.030526     0.008609
    0.013454      0.037320    -0.005352
   -0.006975     -0.018874     0.004815
   -0.002561     -0.004174     0.002605
    0.003172      0.023748     0.005325
    0.010202     -0.033542    -0.014309
   -0.019068      0.010163     0.000697
    0.009065      0.009856     0.010422
    0.011855      0.001795    -0.009622
   -0.021065     -0.013358    -0.000421
    0.009272     -0.014371     0.001964
   -0.003111      0.035322     0.009495
    0.015013     -0.013898    -0.005231
   -0.012250     -0.003468    -0.000421
    0.002325      0.016142    -0.008240
    0.022322     -0.025195     0.010012
   -0.026581      0.029275     0.003067
    0.002392     -0.039409    -0.005695
   -0.002596      0.032560     0.001341
    0.006369     -0.023396     0.003814
    0.002030      0.022105    -0.004467
   -0.007752     -0.003236    -0.008909
    0.008346     -0.012975     0.015573
   -0.005401      0.007177    -0.005396
    0.017629     -0.009779    -0.005211
   -0.012874      0.022172     0.009251
    0.003594     -0.025775    -0.011068
   -0.006321      0.008241     0.009584
   -0.006620      0.006016    -0.002451
    0.011187     -0.004132    -0.002145
   -0.006114     -0.009844    -0.001061
    0.018272      0.033812     0.003620
   -0.002485     -0.032869     0.000182
   -0.008370      0.001824    -0.000618
   -0.009536      0.006618    -0.005846
    0.015861     -0.011639     0.002941
   -0.014926      0.009136     0.009944
    0.003287      0.010171    -0.008121
    0.017512     -0.009853     0.000669
   -0.016917      0.004994    -0.007192
    0.002287     -0.008530     0.010075
    0.000504      0.001104    -0.011596
    0.005167     -0.003714     0.014237
   -0.004212      0.014905    -0.010640
    0.009556     -0.014983     0.002359
   -0.020811      0.012286     0.003429
    0.011570     -0.002185    -0.006666
    0.001941     -0.014353     0.004832
   -0.010004      0.037950    -0.017133
    0.018432     -0.051268     0.019233
   -0.007795      0.029635    -0.000423
    0.000761      0.002986    -0.010148
   -0.000586     -0.002923     0.009005
    0.000926     -0.006259    -0.001800
   -0.006328      0.015080    -0.000420
    0.007844     -0.017857    -0.008119
   -0.008214      0.008344     0.005222
    0.018940     -0.000225     0.010114
   -0.012574      0.014898    -0.013821
    0.003752     -0.035475     0.008852
   -0.013362      0.018395    -0.013290
    0.008216      0.011786     0.007624
    0.032082     -0.044762     0.000300
   -0.050131      0.076340     0.007061
    0.040800     -0.076894    -0.001285
   -0.028350      0.051808    -0.017230
    0.008780     -0.027831     0.020803
    0.006418      0.012145    -0.004123
   -0.002107      0.007832    -0.004679
    0.006058     -0.022278     0.003922
   -0.019759      0.036695    -0.009482
    0.024775     -0.047458     0.005987
   -0.033893      0.043004    -0.001300
    0.032509     -0.026379    -0.002464
   -0.008805      0.025251     0.005543
    0.010428     -0.033645    -0.007606
   -0.013203      0.031927     0.009089
    0.002013     -0.009015    -0.004501
    0.003154     -0.025419    -0.003884
   -0.011066      0.042126     0.002886
    0.028906     -0.029061     0.001015
   -0.027393      0.028780     0.001569
    0.030117     -0.042107    -0.003172
   -0.032297      0.050235    -0.000211
    0.020105     -0.024144     0.002041
   -0.007101     -0.007870    -0.001769
   -0.005953      0.002836     0.001088
    0.012725     -0.001632     0.003236
   -0.008942      0.006059    -0.007163
    0.014086      0.001107     0.001601
   -0.022953      0.003208     0.011477
    0.015538     -0.020929    -0.003682
   -0.017022      0.048750    -0.002233
    0.039918     -0.076859    -0.003301
   -0.033562      0.074566     0.011977
    0.000500     -0.066305    -0.010031
    0.004111      0.045617     0.004547
    0.002608     -0.001921     0.006632
    0.007381     -0.025044    -0.009460
   -0.028876      0.050838    -0.000954
    0.039786     -0.084800     0.006047
   -0.032625      0.092317    -0.001363
    0.029902     -0.078999    -0.005359
   -0.030981      0.078404     0.009783
    0.020112     -0.073755    -0.008377
   -0.008185      0.041400     0.007844
    0.001407     -0.009300    -0.010440
   -0.001549     -0.018233     0.004529
   -0.006905      0.049194    -0.002540
    0.027159     -0.058936     0.005764
   -0.034961      0.056869    -0.010879
    0.027770     -0.056390     0.012863
   -0.023268      0.049841    -0.009220
    0.025083     -0.053334    -0.005769
   -0.024419      0.046027     0.013213
    0.020948     -0.040330    -0.003007
   -0.018596      0.053873     0.002919
    0.009128     -0.039510    -0.008760
   -0.001977      0.012923     0.005175
    0.003170     -0.004018    -0.009438
    0.004029     -0.023528     0.014137
   -0.015605      0.054513    -0.011542
    0.016282     -0.048318     0.010382
   -0.022490      0.031669     0.000673
    0.025303     -0.025409    -0.008411
   -0.010052      0.027780     0.008679
    0.013633     -0.042836     0.000522
   -0.036421      0.061171    -0.011716
    0.032998     -0.053174     0.011403
   -0.025476      0.041565    -0.003677
    0.022366     -0.039517    -0.001197
   -0.006743      0.018880     0.000035
   -0.005999      0.010151     0.000672
    0.019686     -0.037815     0.001553
   -0.037967      0.050571    -0.013085
    0.026023     -0.042008     0.015726
   -0.005444      0.040012    -0.001663
    0.011670     -0.019950     0.009873
   -0.001435     -0.022968     0.047483
    0.022832     -0.033713     0.158725
    0.058352     -0.065016     0.129021
    0.046867     -0.006013    -0.075257
    0.000873      0.070218    -0.224009
   -0.013726     -0.065919    -0.015897
   -0.037551     -0.038569     0.252776
    0.005898     -0.029361     0.052546
   -0.028012      0.103921    -0.207344
   -0.052622      0.049973    -0.212225
   -0.098087      0.005673    -0.116173
   -0.092545      0.013431     0.038772
    0.012640     -0.029249     0.118026
    0.078305      0.100332     0.072925
    0.114409     -0.071786     0.001613
    0.034338     -0.002045    -0.169062
   -0.042222      0.016837    -0.122949
   -0.020943      0.059859     0.093684
    0.083800     -0.064866     0.273019
    0.029384     -0.068761    -0.056941
   -0.107714      0.114767    -0.437384
   -0.157612      0.033871     0.042060
   -0.026834      0.020930     0.114715
    0.133211     -0.052878     0.075577
    0.102337     -0.072804     0.323474
   -0.091189      0.081313     0.027823
   -0.138726      0.175882    -0.289428
    0.133288     -0.205180    -0.194956
    0.265258     -0.188092     0.160926
    0.152995      0.213176     0.108414
   -0.094371      0.192548     0.100327
   -0.352791     -0.067225     0.147395
   -0.360847     -0.048466    -0.305504
   -0.004160     -0.155475    -0.098571
    0.283981     -0.040912     0.366802
    0.250334      0.179155     0.123604
    0.039660      0.088722    -0.183966
   -0.027108     -0.260643    -0.058619
   -0.058435     -0.108911     0.005841
   -0.112535      0.112772    -0.052492
    0.134886     -0.072035    -0.030213
    0.154048      0.150145    -0.054977
   -0.090524     -0.026408     0.005681
   -0.245953      0.068184     0.022196
   -0.121392     -0.031901    -0.084427
    0.020850     -0.015155    -0.130225
    0.086122     -0.014645     0.121863
    0.097221      0.005516     0.155006
    0.066044      0.109456     0.017980
    0.057739      0.136203     0.071059
    0.041167      0.027248     0.120012
   -0.082687     -0.200234    -0.208187
   -0.201008     -0.050009    -0.231387
   -0.029687     -0.172681     0.074740
    0.050473      0.147700     0.114401
    0.120605      0.145543     0.227768
    0.069719      0.093698    -0.158758
   -0.044305     -0.068663    -0.126510
   -0.057165     -0.332810     0.074552
   -0.008099     -0.055655    -0.091069
    0.070790     -0.007574     0.152872
   -0.006999      0.032929     0.246999
   -0.070016      0.017818    -0.012824
   -0.095875     -0.055355    -0.298937
   -0.044876     -0.063385    -0.179445
    0.077572      0.153536     0.089557
    0.146110      0.256331     0.064946
    0.070532      0.145903    -0.047480
   -0.017254     -0.016753    -0.093990
   -0.059745     -0.241897     0.079996
   -0.051033      0.002983     0.057594
    0.041956      0.148445    -0.020888
    0.044180     -0.027005    -0.032646
   -0.029215     -0.039500    -0.100189
   -0.042606     -0.031974     0.032960
    0.008323      0.081864    -0.021179
    0.079899     -0.034789     0.132078
    0.028457     -0.173547     0.139040
   -0.094157      0.087481    -0.116151
   -0.147850      0.122771    -0.093648
   -0.032171     -0.029827     0.211666
    0.102502      0.046992     0.069209
    0.054432     -0.035467    -0.089549
   -0.029974     -0.096820    -0.000820
   -0.079135      0.156573    -0.106408
    0.019592     -0.119476     0.064350
    0.036414     -0.124423    -0.044792
    0.074988     -0.008082     0.048023
    0.069153     -0.105840     0.246951
   -0.021860      0.119811    -0.126877
    0.032763      0.045565    -0.281098
   -0.048983      0.004250    -0.103956
   -0.121828      0.014401     0.032549
   -0.074449     -0.049673     0.159357
    0.011659      0.074039    -0.039751
    0.073170     -0.031625    -0.040133
    0.115279     -0.313468     0.085220
    0.020976      0.144099    -0.013078
   -0.004152      0.228778     0.171285
    0.015104      0.100860     0.088162
    0.075531      0.205711    -0.146542
    0.176174     -0.115678    -0.109820
    0.000851     -0.121190    -0.062985
   -0.127703     -0.118495    -0.050298
   -0.214117     -0.126731    -0.112164
   -0.169022     -0.161767     0.066574
   -0.129710     -0.075176     0.069995
   -0.044560      0.103452     0.077148
    0.200620      0.185746     0.122999
    0.234365      0.230190     0.156671
    0.008766      0.082674     0.245010
   -0.129420      0.108325    -0.113271
   -0.067523      0.109016    -0.199371
    0.116613     -0.150624    -0.073701
    0.184719     -0.206685    -0.142650
    0.048352     -0.106123    -0.191857
   -0.038442     -0.143807     0.091853
   -0.293807      0.026505     0.045981
   -0.168986      0.036181    -0.075498
    0.075843      0.082832     0.063449
    0.154236      0.081573     0.108876
    0.154136     -0.038759     0.036275
    0.023880      0.059169    -0.195060
   -0.126889      0.020786    -0.021315
   -0.225640     -0.121996     0.026447
   -0.130306     -0.004228     0.026565
    0.031842      0.043740     0.055587
    0.182637      0.055532     0.053130
    0.059843      0.157163     0.039311
    0.004672      0.005886    -0.083268
   -0.004219     -0.000924     0.085749
    0.061791     -0.166790     0.029179
    0.057894     -0.130731    -0.095942
    0.085395     -0.087605    -0.048898
    0.032454     -0.145232     0.047752
   -0.149232      0.009500    -0.053393
    0.028200      0.039059     0.012534
    0.065403      0.022486     0.020988
   -0.052390      0.138685     0.008559
   -0.155032      0.016550     0.139371
   -0.152854     -0.031950     0.006402
   -0.085516      0.172166     0.032409
    0.053502      0.076750     0.066347
    0.130153      0.065870    -0.035165
   -0.023448     -0.080020    -0.038055
   -0.108360     -0.082337    -0.066053
    0.073616     -0.010371    -0.149939
    0.180752     -0.044874     0.063029
    0.130362      0.024920    -0.017060
    0.116955      0.066226     0.003448
    0.015755     -0.040789    -0.031835
   -0.077590     -0.007899    -0.003697
   -0.030926      0.024722     0.111366
    0.034677     -0.081781     0.039541
   -0.060646     -0.064204     0.016651
   -0.064145      0.029571    -0.164321
   -0.074844      0.040955    -0.154009
   -0.099205     -0.086632     0.099306
    0.017560      0.033400     0.228621
    0.046144      0.125365    -0.035361
    0.014518      0.145880    -0.159549
   -0.063687      0.023556     0.003767
   -0.065940     -0.180471     0.101531
    0.050248     -0.141818    -0.046975
    0.110379      0.006844     0.148765
    0.088644      0.101591     0.063264
    0.019925      0.148669    -0.102928
   -0.008801     -0.002145    -0.052577
    0.016594     -0.057627    -0.036662
   -0.016271     -0.077130     0.069323
   -0.065774     -0.038856     0.108098
   -0.099423     -0.000076     0.116889
   -0.062619     -0.083470    -0.172874
    0.014683     -0.049130    -0.205930
    0.037760     -0.021363    -0.008149
    0.026864      0.103820     0.158724
   -0.011030      0.047364    -0.009757
   -0.006051      0.008339     0.007309
    0.030434      0.054264    -0.051545
    0.152564      0.016279    -0.072798
    0.136155     -0.141904     0.048503
   -0.043425     -0.010927    -0.145893
   -0.154750      0.038909     0.012459
   -0.077953      0.022933    -0.108599
   -0.014075      0.008400     0.008509
    0.068460     -0.035746     0.143740
    0.148198      0.152383    -0.009044
    0.089310     -0.088513     0.130499
   -0.058536      0.022657    -0.043421
   -0.226964      0.072746    -0.004038
   -0.035506     -0.141431     0.034911
    0.002430      0.084579    -0.071103
   -0.027416      0.032415     0.100346
    0.002880     -0.069090     0.123471
   -0.014475      0.056433    -0.049008
    0.033614     -0.003859    -0.137443
    0.032561     -0.186618     0.206381
    0.006899      0.045051    -0.052155
   -0.008065      0.103855    -0.072135
   -0.033663     -0.120758     0.087016
   -0.048074      0.079074    -0.149270
   -0.017149     -0.016572     0.097321
    0.055634      0.050003    -0.059121
   -0.026664      0.059654     0.045684
   -0.006313     -0.172320     0.198863
    0.099227      0.090819    -0.143459
    0.127189     -0.083531    -0.070397
    0.172446     -0.066294     0.034108
   -0.039696      0.178643    -0.163367
   -0.066899     -0.059376     0.007121
   -0.157675      0.033872     0.122455
   -0.119858      0.079916    -0.038938
    0.039767     -0.136460    -0.104021
    0.050411     -0.026085    -0.045439
    0.053880      0.061544    -0.022317
    0.051160      0.033927     0.078181
    0.013130      0.102603    -0.001137
    0.035073      0.004263    -0.017746
   -0.030763     -0.102873     0.097167
   -0.131656      0.023414    -0.052276
   -0.029631     -0.087017    -0.027283
    0.024872     -0.092713     0.016407
    0.043779      0.002241     0.086102
   -0.001528     -0.101753     0.050286
   -0.038918      0.007289     0.120815
   -0.101509      0.076290    -0.100372
   -0.017274      0.119070    -0.005288
    0.065473      0.050652     0.066515
    0.054562      0.141778    -0.153908
   -0.007296      0.035776     0.072293
   -0.031898     -0.030720     0.032790
   -0.105518      0.014796    -0.059196
   -0.082843     -0.094173     0.020220
    0.074689     -0.049355     0.056125
    0.179814     -0.063303    -0.191074
    0.152347     -0.059348    -0.054435
   -0.042701      0.012930     0.029097
   -0.129999      0.063346     0.136559
   -0.053382     -0.120109     0.141187
   -0.010610      0.018588    -0.125214
   -0.034243      0.065415    -0.170397
    0.027051      0.010523    -0.074923
    0.020057     -0.010432     0.076762
    0.026672      0.128926    -0.043368
    0.111346      0.041446     0.111639
    0.102706     -0.100393     0.099784
    0.026084     -0.026350     0.033723
   -0.067938     -0.099570    -0.019708
   -0.097428      0.096339    -0.089807
   -0.040319      0.146661    -0.002056
   -0.001073      0.095954     0.080803
    0.014817     -0.014403     0.111952
   -0.073597     -0.070743    -0.067684
   -0.116235     -0.096618    -0.094630
   -0.089308     -0.067623    -0.063491
    0.022127     -0.021539    -0.100952
    0.124751     -0.098526     0.030877
    0.068348      0.010966     0.172799
    0.052981      0.050950     0.092392
    0.076245     -0.016369     0.018115
   -0.029303      0.070080     0.015658
    0.001342     -0.064553    -0.047766
    0.011705      0.028772    -0.000165
   -0.089231      0.176382    -0.015166
   -0.121333      0.104528    -0.092250
   -0.110484      0.012141     0.158615
   -0.007393      0.030452     0.025224
    0.031153      0.022332    -0.003042
    0.056474     -0.137775     0.264925
   -0.045419      0.089677    -0.024942
   -0.000716      0.070734    -0.138005
    0.042649      0.044594    -0.035122
   -0.028468      0.125598     0.020361
   -0.041085     -0.029121     0.044727
   -0.020360     -0.207740    -0.053636
    0.098036     -0.320595    -0.120590
    0.345999     -0.208500    -0.219274
    0.505068     -0.043320    -0.194289
    0.504037     -0.024554     0.014232
    0.414254      0.086401     0.104136
    0.182185      0.196022    -0.023762
    0.084441      0.079304    -0.128411
    0.010213     -0.038040    -0.217560
   -0.132756     -0.296114     0.011995
   -0.231113     -0.407472    -0.121714
   -0.145441     -0.201938    -0.190944
    0.003503     -0.135879     0.188068
    0.128549      0.209949    -0.183445
    0.038045      0.343302    -0.282156
   -0.197052      0.236635     0.002053
   -0.591065      0.406902     0.167020
   -0.669047      0.113554     0.169371
   -0.445786     -0.002494     0.189503
   -0.256327      0.164534     0.062584
    0.117643      0.183368    -0.135881
    0.330346      0.135658     0.149145
    0.222924      0.361398     0.233959
   -0.131850      0.234747     0.349007
   -0.186749     -0.280781     0.246495
   -0.205422     -0.393384    -0.036702
   -0.422653     -0.516467    -0.009733
   -0.344560     -0.350896    -0.057371
    0.016222      0.065667     0.001528
    0.196250      0.131349     0.161194
    0.131708      0.036240     0.108430
    0.160401     -0.080730    -0.124901
    0.113557     -0.179573     0.069140
   -0.183701     -0.084665     0.228818
   -0.177435     -0.060928     0.168547
   -0.121812      0.051299     0.003588
   -0.194152      0.052877    -0.103398
   -0.257534      0.093982    -0.019508
   -0.188465      0.117117    -0.085473
   -0.057925      0.080514    -0.126899
    0.035458      0.053089    -0.151322
    0.259303      0.162379    -0.003269
    0.358620      0.479529     0.083012
    0.354724      0.502535    -0.134146
    0.290323      0.104822    -0.300004
    0.280577     -0.335782    -0.116702
    0.172605     -0.301909    -0.247589
   -0.028662     -0.167396    -0.193929
   -0.079891     -0.173415     0.016100
    0.141968     -0.143890    -0.034513
    0.498959     -0.216009    -0.159645
    0.635122     -0.211518    -0.147741
    0.252550      0.055026     0.096117
   -0.114018      0.033489     0.088540
   -0.373233     -0.079148     0.193309
   -0.326683     -0.305063     0.211534
   -0.063413     -0.197533     0.114049
    0.098922      0.065052     0.122007
    0.178186      0.093480     0.144843
    0.092358     -0.011839     0.159747
    0.055798     -0.105207     0.052509
   -0.123464     -0.045004    -0.087803
   -0.235353      0.018530     0.067252
   -0.219354      0.258554     0.130272
   -0.139903      0.094796     0.161868
   -0.041741     -0.060324    -0.042914
   -0.197224      0.169922    -0.158257
   -0.305742      0.098330     0.107202
   -0.055093     -0.001913     0.008556
    0.154684     -0.134902    -0.122038
    0.229699     -0.233330     0.003648
    0.078873     -0.065658    -0.028017
   -0.025366      0.187207    -0.372069
   -0.209230      0.381963    -0.102305
   -0.349517      0.003861     0.142548
   -0.097192      0.078879     0.047796
    0.233551      0.081866     0.039203
    0.347079     -0.028035     0.022976
    0.260659      0.000095     0.139541
    0.322342     -0.250261     0.059435
    0.280504     -0.073194    -0.126320
   -0.086870     -0.080025    -0.017735
   -0.123585     -0.151490     0.068917
   -0.125437      0.225961    -0.034780
   -0.297716      0.174603     0.004434
   -0.281514     -0.018034    -0.164334
   -0.122874     -0.065613    -0.235478
    0.011784      0.015746    -0.045999
   -0.036076      0.314173    -0.127008
    0.166578      0.320178    -0.089991
    0.160114      0.131381     0.052366
    0.103537      0.052815    -0.140281
    0.100184      0.010500    -0.106600
   -0.020800     -0.119924    -0.189806
   -0.220682      0.031312    -0.079542
   -0.024346      0.007275     0.042858
    0.062479      0.163673    -0.003021
   -0.154270     -0.104870     0.155311
    0.006634     -0.056173     0.200878
    0.175966      0.033101     0.273942
    0.301545     -0.145870     0.013405
    0.180567     -0.165167     0.099409
   -0.020718     -0.428172    -0.053585
   -0.264799     -0.470859    -0.074463
   -0.179460     -0.513606     0.147893
   -0.136887     -0.030538     0.025019
   -0.201980     -0.153222     0.226333
   -0.082651     -0.001768     0.133465
   -0.150122      0.248998     0.000859
    0.004366     -0.026829     0.118603
    0.012308      0.100896     0.128639
   -0.209388      0.107950     0.017298
   -0.203952      0.145967    -0.012479
   -0.032452      0.151368     0.065655
    0.056472      0.388920    -0.057727
    0.203590      0.477047    -0.156552
    0.325731      0.215936     0.108363
    0.233073      0.176643     0.159837
    0.183223      0.126209    -0.099458
    0.103931      0.006643    -0.102923
    0.137879     -0.271599    -0.015168
    0.041771     -0.098685    -0.214532
   -0.018544     -0.040650    -0.183795
   -0.026835      0.066154     0.018821
   -0.208783      0.289435    -0.133345
   -0.124896     -0.354475    -0.266123
    0.056214     -0.281765    -0.051300
    0.137003     -0.036718    -0.059430
    0.138554     -0.096135    -0.102176
    0.071901     -0.197405    -0.017128
    0.152168     -0.160848    -0.060050
    0.085956     -0.194814    -0.010023
   -0.124045     -0.195196    -0.120169
   -0.329773      0.070430     0.252275
   -0.290365     -0.007188     0.294559
   -0.126354      0.211526    -0.003596
   -0.082558     -0.171708     0.136434
   -0.044471     -0.027049     0.118594
    0.017440      0.345594     0.111500
    0.160461      0.122884    -0.005985
   -0.004013      0.090127     0.080850
   -0.067460      0.061016     0.221802
    0.043312      0.075092     0.003838
    0.090882     -0.001541    -0.092927
    0.086347      0.178028    -0.000923
    0.031507      0.131345    -0.072462
   -0.001897     -0.263422    -0.113722
   -0.051268     -0.274744    -0.080867
   -0.125508     -0.103839    -0.040457
   -0.033596     -0.112143    -0.020350
    0.114282     -0.028009    -0.019590
    0.077666      0.335970    -0.057143
   -0.090662      0.364224     0.090875
   -0.099469     -0.090311     0.137435
   -0.145589     -0.203475     0.067762
   -0.091294     -0.299127    -0.026841
   -0.031015      0.131973    -0.098795
   -0.052263     -0.016072     0.077006
   -0.007484      0.105604    -0.018893
    0.039556      0.435086    -0.062644
    0.262373      0.148332    -0.126642
    0.167705      0.036098    -0.030159
    0.159947     -0.302252    -0.149081
   -0.045065     -0.288695    -0.096224
   -0.127885     -0.358027     0.077089
    0.010612     -0.017436    -0.033755
    0.102879      0.180708    -0.018046
    0.239858      0.232964    -0.118162
    0.197647      0.083495    -0.098062
    0.041067     -0.092588    -0.159852
   -0.225750     -0.122278    -0.109191
   -0.204612     -0.191211     0.012944
   -0.067792     -0.038996     0.278780
   -0.085305      0.060624     0.226544
   -0.084054      0.125296     0.215724
   -0.036248     -0.121643     0.203174
   -0.085586     -0.146326    -0.036724
    0.146052     -0.225291     0.025847
    0.342059      0.002445    -0.105899
    0.252808      0.176298     0.003751
    0.162220     -0.046299    -0.019409
   -0.015352      0.141416    -0.050849
   -0.127200      0.049224    -0.009696
   -0.103886      0.234216    -0.136312
    0.038576      0.237808    -0.013118
    0.065510      0.115677     0.031984
   -0.028092      0.032253     0.039973
   -0.106183      0.066097    -0.114473
   -0.154962     -0.050162    -0.051229
   -0.055832     -0.388861     0.051018
   -0.106739     -0.094600     0.044430
   -0.054959      0.005491     0.094512
   -0.028160      0.262431     0.041038
    0.049268      0.053824     0.084262
    0.104210     -0.078029     0.097460
   -0.058481     -0.062802     0.104944
   -0.078607     -0.028077     0.035570
   -0.209743      0.095620     0.026156
   -0.171610     -0.007179     0.091253
    0.007591      0.094127    -0.026858
    0.155437      0.038808    -0.265570
    0.268770      0.023114    -0.055439
    0.151822     -0.047392     0.046776
   -0.022001     -0.016619    -0.068458
   -0.096215     -0.152186    -0.047880
   -0.065645     -0.209820    -0.181727
   -0.000643      0.020730    -0.029357
    0.009093      0.072517     0.174314
    0.092196      0.221261     0.078166
    0.098890     -0.045993     0.014236
    0.016245     -0.251026    -0.158068
   -0.063646     -0.140020    -0.160956
   -0.097662     -0.042527    -0.008519
   -0.209209      0.228623     0.071179
   -0.122501      0.031394     0.258192
    0.071991     -0.050418     0.030544
    0.038184      0.023189    -0.102984
   -0.036316     -0.034730    -0.110868
   -0.104745     -0.052469    -0.070655
   -0.050601      0.047233     0.062033
   -0.065433      0.051042     0.074021
    0.063496     -0.053410     0.182670
    0.117869     -0.055878     0.019652
    0.000204     -0.020497    -0.181750
   -0.094495     -0.010788    -0.107687
   -0.067436      0.149372    -0.043301
    0.039922      0.092196    -0.001606
    0.139800     -0.068196     0.097565
    0.255496      0.121167     0.136069
    0.332147     -0.060473     0.016399
    0.206916     -0.053598     0.026515
   -0.048516     -0.010396     0.049960
   -0.163604      0.121211    -0.087345
   -0.202393     -0.000997    -0.011462
   -0.115455     -0.023131     0.089593
   -0.065458      0.058668    -0.014951
    0.127735     -0.146309    -0.079074
    0.047170      0.024527    -0.008298
    0.034224      0.006078    -0.019633
    0.041646      0.039270     0.020893
    0.048065     -0.045211     0.000038
   -0.006116      0.185499    -0.097195
   -0.162543      0.102725    -0.045409
   -0.046981     -0.033807     0.058298
   -0.138539      0.114912    -0.057955
   -0.058707      0.011140    -0.045505
   -0.059239     -0.215789     0.037581
    0.091343     -0.262456    -0.066443
    0.071087     -0.153632    -0.160845
    0.074667     -0.149791    -0.082211
   -0.011596      0.110994     0.079507
   -0.163338      0.166398     0.057416
   -0.066031      0.187209     0.114688
    0.051027     -0.023614     0.055848
    0.216801     -0.124569     0.060056
    0.178271     -0.113635    -0.018946
    0.159300     -0.053637    -0.006544
   -0.023744     -0.108702     0.110138
   -0.018148      0.101358     0.054757
   -0.131888      0.066241    -0.152867
   -0.109979     -0.139070    -0.055003
    0.021836      0.036815     0.075836
    0.077270      0.126227    -0.034203
   -0.010060      0.104039     0.088997
   -0.056253      0.011953     0.009872
   -0.071041      0.101677     0.017326
   -0.157199     -0.144505     0.003312
   -0.073850     -0.003575     0.058160
    0.013299      0.138340     0.088831
    0.128669      0.211541     0.088721
   -0.045299      0.120079    -0.058142
    0.002808     -0.002366    -0.040595
   -0.032804      0.146913     0.022370
   -0.025545      0.111943    -0.067357
    0.038641     -0.151303     0.096988
    0.026050     -0.116633    -0.013321
    0.008181      0.008330    -0.098126
   -0.007024     -0.132515     0.016691
   -0.022716     -0.039955    -0.047666
   -0.083960     -0.060501    -0.053992
   -0.011060     -0.136473     0.046500
   -0.056037     -0.029897    -0.125463
    0.021624     -0.028185    -0.035546
   -0.034898      0.021394    -0.066655
   -0.018100      0.129268    -0.087270
    0.046787     -0.118579     0.052815
    0.055322      0.057370     0.045822
    0.057381      0.045994    -0.012246
    0.085750     -0.069224     0.009383
    0.059620      0.001419    -0.007372
    0.022599      0.034613    -0.062604
    0.051480      0.045826     0.030273
    0.080416     -0.122777     0.011131
    0.123100     -0.136914     0.007804
    0.061394     -0.120630    -0.028905
   -0.008470     -0.021338    -0.020113
   -0.080528     -0.041680    -0.019677
   -0.085840      0.000519    -0.011443
   -0.065597     -0.077577     0.005867
    0.018962     -0.069181     0.079348
   -0.047391      0.096571     0.082260
   -0.030711      0.108095     0.122640
   -0.028549      0.067263     0.052911
    0.009870      0.048102     0.027670
   -0.028777      0.052107    -0.036984
   -0.079708      0.018102     0.026779
   -0.101995      0.077139     0.093073
   -0.084041      0.105184    -0.017739
   -0.041188      0.026022     0.011613
   -0.025834     -0.102336    -0.007001
   -0.001288      0.053725     0.023555
   -0.038567      0.054395     0.025731
    0.036872     -0.064646     0.028900
    0.024169     -0.090844    -0.124886
    0.102377     -0.125851    -0.081174
    0.073047     -0.013897    -0.042905
    0.143906      0.132149     0.026662
    0.018682      0.149586     0.027123
   -0.036772      0.097894    -0.038892
   -0.014744      0.063212    -0.124150
    0.069808     -0.078606     0.010204
    0.181675      0.021737    -0.000796
    0.098098      0.037812    -0.062496
    0.003560     -0.069371     0.050210
   -0.121594     -0.015638    -0.033006
   -0.075554      0.008888    -0.008290
   -0.063881     -0.045458     0.013575
   -0.023314     -0.008725     0.098565
   -0.018498     -0.041822    -0.002920
   -0.026064     -0.108310    -0.111734
    0.025493     -0.122134    -0.093839
    0.029635     -0.019259     0.041796
   -0.055999      0.050678    -0.002809
   -0.081380      0.022962     0.008221
   -0.193016     -0.001895    -0.027363
   -0.123734     -0.087108     0.067875
   -0.086559     -0.014550     0.061232
    0.080977     -0.054723    -0.000438
    0.195519     -0.050917     0.005883
    0.121338      0.047501     0.012883
    0.032222      0.065287     0.106097
   -0.068806      0.151946     0.066062
    0.001676      0.171853     0.060203
   -0.018922      0.094277     0.011507
    0.025359     -0.011006     0.021307
   -0.054630     -0.044374     0.039578
   -0.054259      0.006809     0.010948
    0.076256      0.020191     0.012155
    0.190841      0.043449     0.043926
    0.166774     -0.030810    -0.138637
    0.073250     -0.038330    -0.063307
    0.032846     -0.038817    -0.096916
   -0.009094      0.014115    -0.033868
   -0.012997      0.021316    -0.017840
    0.005454      0.028978    -0.059930
   -0.001168     -0.071577    -0.007597
    0.023145     -0.030296    -0.095649
   -0.070924      0.067265    -0.048436
   -0.043332      0.012020     0.067076
    0.003525      0.199990     0.059266
   -0.009851      0.103577     0.059221
   -0.069378     -0.035595     0.018159
   -0.166150     -0.046764    -0.078964
   -0.075602     -0.154411     0.003895
   -0.156703     -0.147330    -0.032425
   -0.041430     -0.193211    -0.023574
    0.074024     -0.219300    -0.049974
   -0.007135      0.034268    -0.006730
   -0.036094      0.020361     0.018859
   -0.022712      0.066043    -0.009305
    0.075497      0.067615     0.058217
    0.082075     -0.018394     0.099655
    0.058196     -0.014439     0.017218
    0.053966     -0.110780     0.061572
    0.014539     -0.025487     0.041178
    0.021703      0.088717     0.003137
   -0.009193     -0.002402     0.025528
   -0.001729     -0.016835    -0.053470
   -0.044025      0.019171    -0.017423
   -0.032221      0.034952     0.050109
   -0.044944      0.039064    -0.019720
   -0.057469      0.059605     0.028919
   -0.003156      0.052387     0.068575
   -0.054390      0.093338     0.008228
   -0.053256      0.057625     0.029500
   -0.032165      0.003927     0.019532
    0.005104      0.077664    -0.033725
    0.038995     -0.108990    -0.018910
    0.019227      0.006776     0.036454
    0.028482     -0.014456    -0.034432
    0.034124     -0.002186    -0.036458
    0.011604      0.018346    -0.062973
    0.075031     -0.086791    -0.009225
    0.085089     -0.142785     0.022685
    0.103392     -0.052975    -0.049797
    0.109269     -0.011036    -0.062331
    0.085508     -0.006175    -0.083936
   -0.013207      0.111011    -0.059830
   -0.016149      0.017210     0.039141
   -0.045727      0.116446    -0.056190
   -0.046796      0.075088     0.022423
   -0.069812      0.001623     0.070244
   -0.087427     -0.005113     0.019816
   -0.012661     -0.069349    -0.010251
    0.009224      0.009194     0.017323
    0.065958      0.013201     0.141523
    0.086709     -0.172990     0.006027
    0.053863     -0.097166    -0.077956
   -0.022754     -0.116054    -0.000022
   -0.093204     -0.035759     0.020302
   -0.089396      0.047767    -0.031753
   -0.005356      0.105206     0.063354
   -0.036639      0.167262     0.035067
    0.001422      0.088648     0.065980
    0.015101      0.009525     0.054457
    0.054762     -0.176450    -0.027108
    0.065662     -0.083756    -0.020533
    0.069796      0.087072    -0.029425
    0.015744      0.152834    -0.014461
   -0.019275      0.085815    -0.006610
   -0.066931      0.053687    -0.049492
   -0.086996     -0.025003    -0.029198
   -0.021476      0.017835    -0.032240
    0.030492     -0.008229     0.048509
    0.044230      0.005438     0.037015
    0.049487     -0.058844    -0.080086
    0.023746     -0.089882    -0.032097
   -0.077357     -0.082348    -0.009833
   -0.045489      0.009680     0.066589
    0.000850      0.096027     0.048208
    0.002275      0.008069     0.041237
   -0.052878      0.056788    -0.033142
   -0.093710     -0.037774    -0.011612
   -0.172653      0.022194     0.016804
   -0.126074     -0.072109    -0.060463
   -0.047471      0.000667     0.007941
    0.033058      0.021483     0.026034
   -0.028217      0.042548    -0.005096
   -0.024751      0.035739    -0.012131
    0.027329     -0.028750    -0.069430
    0.114700     -0.045501    -0.052195
    0.181437     -0.076976    -0.026930
    0.141173     -0.028377    -0.000806
    0.114819     -0.013856    -0.014519
    0.071015     -0.012731    -0.017183
    0.036364     -0.001652    -0.004696
    0.050657     -0.025101    -0.003220
    0.001091      0.001054     0.035207
   -0.073794     -0.098716     0.055977
   -0.117783     -0.041590     0.013855
   -0.099578      0.047736    -0.042663
    0.030615     -0.118360     0.029530
    0.062667      0.088199    -0.042582
    0.040481      0.036357    -0.034601
   -0.066860      0.149581     0.023586
   -0.046394      0.067541     0.105141
   -0.075672      0.005280     0.011132
    0.109681     -0.099540    -0.056289
    0.045104     -0.113177     0.031047
   -0.021039     -0.053455     0.058633
   -0.011148      0.135329     0.053678
   -0.019215     -0.022974    -0.050938
    0.064500     -0.022285     0.083161
    0.042720      0.234800    -0.000603
    0.082384     -0.190739    -0.044901
   -0.104028      0.107230     0.036551
   -0.139315     -0.057936     0.000850
   -0.088145      0.009659     0.074119
   -0.041295      0.152974    -0.037859
   -0.000296     -0.098882    -0.056875
    0.043052     -0.031993     0.015650
    0.066646     -0.010031    -0.017160
    0.052442      0.006409    -0.001653
   -0.029842      0.027651     0.009832
   -0.023706      0.023832     0.035964
    0.011046      0.072271    -0.004228
    0.033150      0.037093     0.003353
    0.048542     -0.016945    -0.004059
    0.053364     -0.033428    -0.094508
   -0.039137     -0.058382    -0.004381
   -0.101712     -0.029735     0.053384
   -0.065499     -0.044660     0.001929
    0.027274      0.020171     0.009718
    0.041959      0.054538    -0.031659
   -0.041263      0.088904    -0.030105
    0.062507      0.053066     0.036977
    0.028671      0.017388    -0.063424
    0.131168     -0.031102    -0.018080
    0.060936     -0.160880     0.041427
   -0.066887      0.111105    -0.063374
    0.025685      0.022765    -0.044232
   -0.042375     -0.172472     0.028362
    0.016319      0.271320     0.058659
    0.039912      0.072207     0.004919
    0.001724     -0.033948     0.001003
   -0.042078      0.020104    -0.044829
    0.003359     -0.177036    -0.082582
    0.042515     -0.148466     0.009143
   -0.051780     -0.004994    -0.017905
   -0.051701     -0.173674    -0.044101
   -0.084977     -0.117810     0.022744
   -0.071057      0.102343     0.047346
   -0.023836      0.070757     0.033354
    0.029430      0.175609    -0.021404
    0.062773      0.052010     0.027504
    0.030674      0.010316     0.039042
   -0.045314     -0.049300     0.015411
   -0.064077     -0.037295    -0.011783
   -0.058016      0.022324    -0.037243
   -0.057040     -0.086650     0.012203
   -0.046639      0.023403    -0.000139
   -0.004611      0.029726     0.036040
    0.031530     -0.010025     0.048494
    0.025450     -0.047668     0.023281
    0.044069     -0.092492     0.004336
   -0.003092     -0.056213    -0.017499
   -0.029371     -0.069346    -0.033473
    0.025599     -0.021158     0.006083
    0.066941      0.025842    -0.013543
    0.064271      0.028654    -0.039313
    0.016680     -0.002350     0.004004
   -0.048674      0.108229     0.033924
    0.023844      0.002825     0.036882
    0.059921      0.008306    -0.001199
    0.095767      0.002556     0.021620
    0.072788     -0.008561     0.011132
    0.014054      0.117162     0.004828
   -0.070177      0.102257     0.002717
   -0.123535      0.097536     0.033740
   -0.118054      0.020228     0.028786
   -0.045310     -0.056526    -0.044679
    0.021134      0.020244    -0.031312
    0.047610      0.063310     0.007917
    0.027392      0.025540     0.023997
   -0.029111     -0.008572     0.002178
    0.021848     -0.138832    -0.044363
    0.028191     -0.154958    -0.011158
    0.064384     -0.091795     0.043158
    0.057923     -0.031845    -0.014691
    0.036437      0.026025     0.009944
   -0.034417      0.070553     0.026784
   -0.013723      0.019401    -0.012984
   -0.056137     -0.010106     0.014361
   -0.004856     -0.043760     0.009598
    0.042560      0.055651    -0.011413
    0.026843      0.017217    -0.000121
    0.026148      0.032951    -0.030051
   -0.003080      0.003414    -0.024348
   -0.029917      0.011613    -0.039615
   -0.060175      0.012025    -0.064676
    0.019262     -0.025608    -0.002713
   -0.038544      0.062523    -0.003087
    0.013712     -0.057027    -0.008486
   -0.008670     -0.016400    -0.020495
   -0.039519     -0.029614     0.014409
    0.004245     -0.015154    -0.000475
    0.008199      0.050922     0.010361
   -0.016855      0.020513     0.053018
   -0.022502      0.019169     0.034524
    0.070564      0.053281    -0.044955
    0.107373      0.047751    -0.053007
    0.126058     -0.013658    -0.037687
    0.077115     -0.061693     0.008222
   -0.059605     -0.012536     0.078408
   -0.113325      0.018738     0.022027
   -0.082908      0.052044     0.044783
    0.019759      0.037994     0.001205
   -0.021302      0.046369    -0.011081
   -0.043359     -0.065334     0.011633
   -0.069194     -0.039655     0.021465
   -0.137176      0.012903     0.010310
   -0.055016     -0.068087    -0.004306
    0.001439     -0.062890    -0.052541
    0.039704     -0.060747    -0.045318
    0.011548     -0.013319    -0.012345
    0.001127      0.016625    -0.001406
    0.003574      0.032917     0.045258
   -0.001176      0.017076     0.000965
   -0.041819     -0.037976    -0.015069
   -0.021994     -0.066744     0.003585
   -0.013458      0.008709    -0.020801
    0.031542      0.001459    -0.026203
    0.050581      0.035640     0.067465
    0.085469      0.073119     0.062714
    0.064085      0.066997    -0.005524
    0.019157     -0.016673     0.014590
    0.017995     -0.026380     0.042570
    0.011693     -0.033871     0.020536
    0.036187     -0.041436     0.031386
   -0.006750     -0.053590     0.019125
   -0.026972      0.018173    -0.018906
    0.007171      0.015520     0.018845
    0.021043     -0.030635    -0.000458
    0.011268      0.044701    -0.032331
    0.057508     -0.039386     0.004945
    0.007995     -0.022534     0.000791
    0.029368      0.028851    -0.025746
    0.005491      0.002176    -0.063908
   -0.031031      0.011034    -0.016187
   -0.068691      0.019462    -0.003872
   -0.104332      0.011059    -0.032868
   -0.088439      0.045630     0.009506
   -0.031776      0.050150     0.002456
   -0.006792      0.083773     0.000535
    0.042867      0.030093     0.022414
    0.049208      0.034250     0.026164
   -0.004013     -0.052706     0.020284
    0.043004     -0.082111    -0.041482
    0.018436     -0.078487    -0.066139
    0.019326     -0.130507    -0.032378
    0.013842      0.012488    -0.035255
    0.029735     -0.012507     0.011716
    0.030652      0.037943     0.017333
    0.000282      0.070590     0.012851
   -0.010991      0.030326    -0.017749
   -0.019195      0.078598     0.014923
   -0.012943      0.039284     0.039650
   -0.030312      0.057764     0.006609
    0.003304     -0.001671     0.035540
   -0.040271     -0.018275     0.042766
   -0.006101      0.016216     0.004293
    0.042803      0.005674    -0.025243
    0.026964      0.001959    -0.005471
    0.055117     -0.048778    -0.028111
   -0.039979      0.039282    -0.014696
   -0.013888     -0.037415    -0.007281
   -0.010039     -0.038776     0.008658
    0.006795     -0.018812     0.022493
   -0.024008     -0.069526    -0.050326
    0.004144      0.042995    -0.006119
    0.009444     -0.028536     0.021391
    0.003967     -0.022958    -0.006016
    0.004646     -0.041139    -0.017435
    0.025042     -0.056883    -0.046631
    0.028400      0.017152    -0.006680
   -0.051457      0.009522     0.006355
   -0.020202      0.099026     0.053953
   -0.066147      0.097528     0.044128
    0.025267      0.007437     0.019476
   -0.007658     -0.027934     0.006951
    0.029019     -0.051327    -0.020866
    0.047640     -0.063042     0.040360
    0.044456     -0.011902     0.054166
    0.065120      0.032866     0.015389
    0.046878      0.033440    -0.012344
    0.000264      0.058637    -0.006171
   -0.041532      0.047270    -0.022837
   -0.053012      0.022285    -0.037289
   -0.059003      0.007915     0.013411
    0.009024     -0.047306     0.031584
   -0.061306     -0.024439     0.015448
    0.017118     -0.053578     0.007244
   -0.033861     -0.028614    -0.014868
   -0.025210     -0.023565    -0.014231
    0.027298     -0.064023     0.028136
    0.006556      0.021610     0.005559
    0.065345      0.012624    -0.010804
   -0.018262      0.073970    -0.001972
   -0.026914      0.023945    -0.044846
   -0.070117     -0.054466    -0.039729
   -0.071500     -0.056936    -0.016880
   -0.026178     -0.065704     0.007079
   -0.005194      0.085517     0.032341
    0.007257      0.068574     0.006836
    0.033102      0.025755     0.002786
   -0.015666      0.013909     0.046283
   -0.032960     -0.065666    -0.015781
    0.003095     -0.051800    -0.015903
    0.006962     -0.065416    -0.025748
    0.079770      0.005362    -0.039285
    0.070174      0.026361    -0.000967
    0.070258      0.062925    -0.013708
   -0.022512      0.083263     0.003804
   -0.024748     -0.012122     0.006940
   -0.049832      0.023304     0.019366
    0.021321     -0.043676    -0.021625
    0.075766     -0.016395    -0.011389
    0.060610     -0.007940     0.014071
    0.042783     -0.038327    -0.017961
   -0.062493     -0.034025    -0.005481
   -0.043169     -0.079412     0.013848
   -0.070079      0.097743     0.031992
    0.038217      0.035472     0.013430
    0.021381      0.081507     0.017535
    0.018743     -0.005735    -0.021060
   -0.028498     -0.039805    -0.040982
   -0.025705     -0.020660     0.020046
    0.008665     -0.032603    -0.012182
    0.002445      0.107113     0.034415
    0.058650      0.013365    -0.003149
   -0.027234      0.070735    -0.021814
   -0.024414     -0.028312     0.006027
   -0.054697      0.007959     0.014532
   -0.012728     -0.046146     0.066541
    0.013064     -0.033076     0.029376
   -0.019230      0.018165    -0.036901
   -0.004390      0.010324    -0.019519
   -0.017327     -0.001213     0.021059
   -0.032823     -0.038268    -0.047639
    0.032764     -0.033860    -0.013541
    0.026820     -0.089543     0.013502
    0.017612     -0.032573    -0.004454
    0.006127     -0.018251     0.012353
   -0.015478      0.024015     0.044336
   -0.001165      0.014972     0.036941
   -0.023221      0.024716     0.029632
    0.026988      0.063396    -0.008609
    0.002364      0.072194    -0.008859
    0.042610      0.007676    -0.008712
    0.048004     -0.001787    -0.055631
    0.044677     -0.067081    -0.052353
    0.022546     -0.044322    -0.050915
   -0.030712     -0.011079    -0.023954
   -0.003530      0.026099    -0.016108
   -0.006896      0.089861    -0.008380
    0.003297      0.105293     0.013868
    0.017669      0.034578     0.020592
    0.014531     -0.064825    -0.010188
    0.018874     -0.046823     0.001202
    0.009395     -0.112065     0.016188
    0.006364     -0.033697    -0.016307
   -0.004323      0.001961     0.005392
   -0.000146     -0.037418     0.018787
    0.023138      0.003852     0.021752
   -0.022016      0.009935     0.022975
   -0.038632      0.047465    -0.023300
   -0.043820      0.003333     0.010717
   -0.013243     -0.022481     0.017656
   -0.042098      0.060290     0.010942
   -0.026740     -0.008897     0.004594
   -0.020106      0.003851     0.007587
   -0.067232     -0.003281     0.027389
   -0.041652     -0.031898     0.017367
   -0.030481      0.024927     0.018682
    0.026264      0.011622     0.018128
    0.006415      0.049259    -0.010057
   -0.002299     -0.030241    -0.030076
   -0.008058     -0.019858    -0.024248
   -0.004899     -0.049389    -0.028640
    0.037248     -0.002913    -0.001703
    0.019788      0.030377     0.032173
    0.042266      0.011282     0.041919
    0.023099      0.074934     0.006132
    0.031862     -0.046354     0.007322
    0.020679     -0.033109    -0.001564
    0.010343     -0.015076    -0.011165
    0.028746      0.016084    -0.034206
    0.038699      0.112094    -0.001265
    0.057473      0.043972     0.012748
    0.002341      0.000856    -0.006900
   -0.049031     -0.014929    -0.000857
   -0.078009     -0.052846    -0.007708
   -0.047531     -0.017083     0.008163
    0.028296     -0.069137    -0.011319
    0.065599     -0.006285     0.012390
    0.052864     -0.077993    -0.013729
    0.041233     -0.009356    -0.022046
    0.006995     -0.009241     0.014485
   -0.014315     -0.023724     0.012715
   -0.002705      0.045528     0.021593
   -0.018881      0.023505     0.019395
   -0.046839      0.104931     0.015233
   -0.036856     -0.027857    -0.009015
   -0.040859     -0.001378    -0.000009
   -0.026371     -0.035009    -0.003063
    0.013114      0.006021    -0.033894
    0.041795      0.021422    -0.013771
    0.033154     -0.030662    -0.037756
    0.021777     -0.009738    -0.039036
   -0.011420     -0.050408    -0.031173
   -0.048417      0.012984     0.008291
   -0.046180      0.042074     0.066266
   -0.009599      0.058262     0.039055
   -0.019120      0.123568     0.026567
   -0.002554     -0.006251     0.000635
   -0.000649      0.016094     0.003511
   -0.008510     -0.025287     0.018743
   -0.010869     -0.021676    -0.009181
   -0.038931      0.012458     0.004624
    0.034103     -0.052716    -0.000641
    0.047241      0.017788    -0.022976
    0.049990     -0.027776    -0.024872
    0.021229      0.034360    -0.002635
    0.003967     -0.044530     0.003278
    0.009088     -0.001386     0.004771
    0.021383     -0.015360     0.019506
    0.021564     -0.057428    -0.008632
    0.029483      0.027176    -0.016625
    0.016011     -0.089588    -0.005576
    0.020754     -0.014900     0.013932
    0.002824      0.009255    -0.021366
   -0.015647      0.001376    -0.045222
   -0.038461      0.088658     0.020047
   -0.036835      0.015455     0.024979
   -0.035403      0.074249     0.005083
   -0.011774     -0.050674     0.011155
   -0.006021     -0.048030    -0.017763
   -0.030591     -0.020538    -0.025349
   -0.008607     -0.006645    -0.037596
   -0.021377      0.065565    -0.001427
   -0.003823     -0.060923    -0.021373
   -0.038978      0.007301    -0.028911
   -0.010656     -0.051870     0.024447
   -0.023069      0.026838     0.025155
    0.018595      0.017002     0.015276
    0.039415     -0.003082    -0.004931
    0.026508      0.021540     0.021988
    0.020964     -0.022866     0.007859
    0.002805     -0.008619    -0.017474
   -0.008833     -0.061905    -0.015701
    0.009079     -0.023197    -0.003475
   -0.008711      0.004981     0.012253
    0.022245      0.016701     0.017509
    0.004471      0.008341     0.005140
   -0.007131      0.059634     0.018715
   -0.006279      0.095853     0.026985
   -0.018455      0.052886     0.032611
    0.002169      0.068375     0.017558
   -0.021527      0.017856     0.004881
    0.019256     -0.052070     0.011802
    0.017939     -0.021621     0.013074
    0.059580     -0.066927    -0.001061
    0.045510     -0.030416     0.006673
    0.035272     -0.044095     0.013260
   -0.003022      0.012285    -0.008488
   -0.033564      0.032159     0.014888
   -0.030501      0.021728     0.007295
   -0.026297      0.009350    -0.022688
   -0.035185     -0.052387    -0.027530
   -0.000845     -0.001531    -0.015306
   -0.036871     -0.052257     0.004740
   -0.001293      0.057705    -0.002412
    0.000645      0.051574    -0.018214
    0.016270      0.007698    -0.017970
    0.015827      0.017340    -0.039198
    0.000592      0.006058    -0.002420
    0.019764      0.018087    -0.003956
   -0.019541      0.008201     0.020344
    0.002670     -0.055014     0.011794
   -0.009785     -0.050649    -0.004154
    0.039148     -0.031268    -0.018102
   -0.021106     -0.067697    -0.000986
   -0.006703     -0.006801     0.036277
   -0.030081      0.026470    -0.001326
   -0.009121      0.014819     0.009658
    0.009484      0.005409    -0.016222
    0.022588      0.033023     0.000858
    0.037637     -0.015181    -0.025520
    0.030682      0.036638     0.024070
    0.005953      0.024538     0.024576
   -0.040093      0.012661    -0.025876
   -0.020201      0.025916     0.004836
    0.018566     -0.031985    -0.014539
    0.020338      0.013480    -0.033690
   -0.041065     -0.010070    -0.011765
   -0.019049     -0.006163    -0.018467
   -0.020774      0.014118    -0.021387
    0.034686     -0.072139     0.009410
    0.062693     -0.011330    -0.018192
    0.072713     -0.047469    -0.005834
    0.028066     -0.020627     0.005168
   -0.007375     -0.052875     0.024137
   -0.029882     -0.019080     0.009770
   -0.024657      0.092205     0.025769
   -0.037056      0.036050     0.036816
   -0.028794      0.106817     0.034969
    0.010519     -0.000558    -0.015096
   -0.022420      0.034856    -0.018625
   -0.005074     -0.003197     0.001329
   -0.044118      0.013216    -0.029864
   -0.037239      0.031474     0.000545
   -0.029550     -0.033595     0.020186
   -0.031751     -0.011825     0.035360
   -0.024080     -0.043899    -0.016350
    0.021372      0.026460     0.010772
    0.013920      0.007213    -0.005428
    0.016273     -0.004534    -0.013852
    0.020304      0.012774     0.021249
    0.019458     -0.039853     0.020016
   -0.011977      0.026518    -0.000349
   -0.021162      0.010950     0.001028
   -0.003539      0.001551     0.000786
   -0.008340      0.034629    -0.022292
    0.028206      0.006326    -0.002776
   -0.004111     -0.013044    -0.014730
    0.003637     -0.049744    -0.016807
   -0.029779     -0.033838    -0.028985
    0.036932     -0.043084     0.010031
    0.015147     -0.030582    -0.029031
    0.012891     -0.035689    -0.019972
    0.037909     -0.029324     0.004897
    0.023294     -0.008267     0.014353
    0.024339      0.003036     0.036939
   -0.004599      0.051969     0.032825
    0.030564      0.057048     0.049194
    0.005407      0.035612    -0.037252
    0.012122      0.063478    -0.030361
   -0.003128     -0.038085    -0.019776
   -0.018749      0.017325    -0.006862
   -0.011034     -0.027297     0.001952
   -0.009113     -0.003700    -0.012818
    0.013566     -0.021036    -0.022481
    0.029270     -0.026657    -0.016959
    0.011925      0.044527     0.014426
    0.010393     -0.002934    -0.002166
    0.013559      0.021935     0.020938
   -0.016317     -0.033305     0.000751
   -0.039799      0.032928     0.000226
   -0.025005     -0.020015     0.006539
   -0.016448      0.008322     0.023620
    0.000453     -0.023177     0.031558
    0.010186     -0.005852    -0.014647
    0.017034     -0.004875    -0.000070
    0.007585     -0.029681     0.005744
    0.008550     -0.003809    -0.009430
    0.004208      0.016096    -0.005067
   -0.035364      0.059529     0.002704
   -0.072875      0.038388    -0.009868
   -0.038531      0.017370     0.017415
   -0.002632     -0.001693     0.016053
    0.006191      0.021326    -0.004831
    0.051827     -0.044866     0.010620
    0.043655     -0.030395    -0.004635
    0.010793     -0.056213    -0.014345
    0.019129     -0.009805    -0.031275
    0.020711      0.015360    -0.014577
    0.008411      0.008547    -0.002888
   -0.001206      0.029294    -0.012617
   -0.010166      0.012598     0.014764
   -0.041931      0.004138     0.023178
   -0.035056     -0.011544     0.000449
   -0.041159      0.016610    -0.008359
   -0.019842     -0.058610     0.000650
    0.026737      0.007975     0.014491
    0.040160     -0.011253     0.021177
    0.063763      0.008700     0.009654
    0.026627     -0.010598     0.003326
    0.018604      0.002908     0.002356
   -0.038160      0.029534    -0.011118
   -0.019491      0.015514     0.003114
   -0.016238      0.013297     0.007619
   -0.007084     -0.015506    -0.030937
   -0.014814     -0.015136    -0.024451
   -0.041964     -0.039657    -0.001628
   -0.010302     -0.005683    -0.025015
   -0.024844     -0.045148    -0.031628
    0.001227      0.025492    -0.003855
    0.018175     -0.011345    -0.000101
   -0.003418      0.035335     0.034126
    0.023852     -0.016454     0.025812
    0.014540      0.043979    -0.006429
    0.013965      0.016032     0.040921
    0.025402      0.022773     0.018640
   -0.022716      0.017740    -0.020795
   -0.009098     -0.014222     0.010660
    0.016231      0.050949    -0.007084
    0.043304     -0.001482    -0.017556
    0.003827      0.000162     0.013805
   -0.003821     -0.058190     0.002694
   -0.037954     -0.027820     0.016231
    0.000980     -0.026068     0.013517
   -0.002516      0.014701    -0.011310
    0.008107     -0.035787     0.017089
    0.039500      0.034334    -0.008558
   -0.030043      0.028877    -0.032525
   -0.021427     -0.003314     0.003936
   -0.004091      0.011450    -0.016386
   -0.010417     -0.053850    -0.001834
    0.009303     -0.045420    -0.003675
    0.009807      0.011237    -0.028612
   -0.058855     -0.015442     0.004898
   -0.037969      0.100887     0.000091
   -0.025833      0.028144     0.018934
    0.004320      0.005262    -0.008346
    0.020115      0.017429    -0.027416
    0.012006     -0.076004     0.032056
    0.015002      0.034812    -0.001351
    0.017662     -0.017224    -0.020354
    0.036230     -0.000361     0.000134
    0.027957     -0.014244    -0.003684
    0.041984     -0.021927    -0.012018
   -0.014564      0.031521     0.002733
   -0.004721     -0.049338     0.027812
    0.011777      0.014556    -0.003977
   -0.003355      0.031021    -0.018413
   -0.000861     -0.025658    -0.009660
   -0.052016      0.095716    -0.009364
   -0.072967      0.017719     0.021782
   -0.061311      0.056135     0.035028
   -0.040096     -0.005511     0.020869
    0.023793     -0.025659     0.016527
    0.047266     -0.033027    -0.008489
    0.017693     -0.071133     0.009895
    0.057344      0.048844    -0.004938
   -0.002546      0.007602     0.001653
    0.024296      0.003003     0.007356
    0.002707      0.005670    -0.002735
    0.000382     -0.034151    -0.009516
    0.010533      0.016006    -0.000606
   -0.031660     -0.013134    -0.010905
    0.019719      0.004965    -0.012688
   -0.051557      0.017234     0.002122
    0.004840     -0.043090    -0.021037
    0.036563      0.005963    -0.001379
    0.015108     -0.037593    -0.011893
    0.030306      0.004983     0.004585
    0.002273     -0.027978    -0.005296
    0.008500     -0.033921     0.038597
    0.009956     -0.015003    -0.002635
   -0.025574     -0.011642    -0.022938
   -0.005714      0.004061    -0.013553
   -0.007287      0.017847    -0.009976
   -0.012070      0.012864     0.003178
    0.004052      0.037934    -0.011057
   -0.032953      0.016285     0.005349
    0.004369      0.023893     0.003249
    0.012342      0.023621     0.008099
    0.011746      0.022738     0.011433
    0.025136      0.052208     0.013173
   -0.021337      0.024232     0.004682
   -0.005608      0.006014     0.007651
   -0.007530     -0.010728    -0.014626
    0.009623     -0.012642    -0.000630
    0.036080     -0.062751    -0.006835
    0.030014     -0.017938    -0.000467
    0.003616     -0.044690    -0.015872
   -0.016490      0.013389     0.010539
    0.020626     -0.010330     0.001452
   -0.006763      0.030226     0.009913
    0.025871      0.018933     0.032071
   -0.012628     -0.045847     0.006311
   -0.012829     -0.053673    -0.014105
   -0.005099     -0.057667    -0.012293
   -0.044471      0.013194    -0.013348
    0.009566      0.027751    -0.025331
   -0.017925      0.028219     0.010149
    0.013563      0.022070     0.010983
   -0.026082      0.038900     0.005886
    0.019157     -0.039165     0.011789
   -0.003936      0.015706     0.000744
   -0.023933     -0.025784    -0.007184
    0.009526      0.019129     0.003728
   -0.036945      0.043151    -0.025355
    0.022723      0.008998    -0.001001
   -0.002995      0.023209     0.007600
    0.016336      0.002288     0.010876
   -0.015447     -0.025386    -0.012882
   -0.009216     -0.045430     0.000512
    0.009412     -0.004642     0.019599
   -0.018032     -0.021118    -0.006708
   -0.003261      0.019675     0.014828
   -0.015441     -0.014454     0.005598
   -0.032882      0.053042     0.004568
   -0.025224      0.023687     0.006115
   -0.046596      0.008046     0.003343
    0.006801      0.009960     0.003131
    0.032228     -0.029119    -0.013984
    0.008687      0.029042    -0.002046
    0.021808     -0.034297    -0.012804
    0.016374     -0.006006    -0.012837
    0.017872      0.013502    -0.000075
    0.013142     -0.015696    -0.001637
    0.027937      0.018717    -0.011309
    0.005155     -0.061002    -0.031451
    0.027043      0.026148    -0.006480
   -0.004883     -0.004767     0.000166
    0.017953     -0.025392     0.007100
    0.008232      0.044984     0.007136
   -0.020974     -0.021058     0.022058
   -0.013463      0.065064     0.004996
   -0.039228     -0.039214     0.001830
   -0.021315      0.029640     0.000383
    0.014454     -0.036456    -0.008632
   -0.018840      0.010309    -0.017118
   -0.000823      0.027519    -0.019716
   -0.017938     -0.036592    -0.000014
    0.000920      0.039492    -0.001704
    0.027441     -0.047150    -0.002976
   -0.012124      0.033445     0.007076
    0.022028     -0.057521    -0.007276
   -0.040151      0.039047    -0.021451
   -0.018582      0.020892    -0.006162
   -0.005916     -0.007031    -0.006065
    0.034490      0.048807     0.029897
    0.017098     -0.003672     0.000733
    0.021185      0.020044     0.011779
    0.026299     -0.059851     0.003740
   -0.022348      0.008668    -0.000252
    0.013511      0.002244     0.019861
    0.003861      0.026441    -0.000518
    0.018689      0.023146     0.007826
    0.025864     -0.029654     0.003239
   -0.024216      0.027076     0.012971
   -0.019518     -0.073977     0.005154
   -0.034697      0.026403    -0.012406
    0.015753     -0.002206     0.012667
    0.044588      0.025062     0.022000
   -0.008472      0.062745    -0.026386
    0.007443     -0.112644     0.007663
   -0.059706      0.040539    -0.014974
   -0.014482     -0.071338     0.010056
   -0.039161     -0.010060     0.005448
    0.034641     -0.026386    -0.012907
    0.052743     -0.052313     0.005050
    0.018499      0.064908    -0.024615
    0.033703     -0.036054     0.008675
   -0.045031      0.042075    -0.006642
    0.023561     -0.001265    -0.004218
   -0.030921     -0.011991    -0.005724
    0.011788      0.005745     0.021401
    0.035094      0.049537    -0.004849
   -0.009113     -0.027635     0.007999
    0.022645      0.027823    -0.006217
   -0.017063      0.017328    -0.002407
    0.001994     -0.011455     0.019824
    0.003059      0.049377     0.011305
   -0.014898     -0.003565     0.018732
   -0.000484      0.042186    -0.029519
   -0.004925     -0.053463     0.036998
   -0.027384     -0.023805    -0.035915
   -0.031973     -0.013605    -0.029916
   -0.008709     -0.027962    -0.000055
   -0.018118      0.002696    -0.042519
   -0.004955      0.000607     0.042337
   -0.003157      0.028310    -0.013661
    0.017911      0.007207    -0.002902
    0.023896     -0.002935     0.000196
    0.008790     -0.005948    -0.016815
    0.013734      0.035195     0.006947
   -0.007057      0.016323    -0.009882
    0.023335     -0.035866     0.025977
    0.018943      0.029097    -0.023200
    0.002172     -0.025992    -0.008436
    0.015010      0.051065    -0.012617
    0.020454      0.028142    -0.019698
   -0.016434     -0.034432     0.013161
   -0.000034      0.056739    -0.013317
   -0.010355     -0.079372     0.018439
    0.000121      0.004511    -0.008944
   -0.018562     -0.021998    -0.000764
   -0.016581     -0.053314     0.022591
   -0.013136      0.021065    -0.017266
   -0.016830     -0.025763     0.023226
    0.030854      0.014291     0.013022
   -0.036318      0.000600     0.010878
    0.018520      0.016112    -0.014053
   -0.018668     -0.013541     0.002415
   -0.020074      0.030664     0.022539
    0.010675      0.001831    -0.009699
   -0.011598     -0.011014     0.002354
    0.038755      0.017440    -0.018159
   -0.011461     -0.039704     0.006322
    0.005754      0.018004    -0.011644
   -0.027369     -0.033970     0.025674
   -0.028642      0.015372     0.028331
    0.020718      0.011226    -0.011486
    0.000214     -0.015329    -0.003416
    0.050484      0.010638    -0.017354
    0.006376     -0.031488    -0.013012
    0.001877      0.044692     0.012169
   -0.034207      0.001738     0.005686
   -0.028130      0.006673    -0.006491
    0.012067     -0.007776    -0.005507
   -0.046157     -0.011661    -0.010474
    0.052344     -0.005207    -0.012484
    0.038835      0.013843     0.024354
    0.020224     -0.003500    -0.017292
    0.042838     -0.031467    -0.014733
   -0.039928      0.037458     0.004589
    0.007710     -0.040236    -0.026691
   -0.019698      0.038474     0.017822
   -0.032257     -0.018441    -0.019451
   -0.007935      0.065137     0.010144
    0.010459      0.037982     0.008271
    0.005842     -0.022710    -0.022824
   -0.024859      0.032811     0.007580
    0.036504     -0.091473     0.006770
   -0.000212      0.034423    -0.000949
    0.030210     -0.050388    -0.007703
   -0.010520      0.013815    -0.000310
    0.006692      0.001497     0.008518
   -0.020888     -0.045590    -0.012192
   -0.003038      0.010829     0.025058
   -0.005837     -0.011651     0.014052
   -0.039184      0.021983    -0.011900
    0.004043     -0.025009    -0.001087
   -0.022490      0.047507    -0.014708
    0.001227      0.000226     0.000401
   -0.005148      0.005618     0.011074
   -0.009305      0.035689     0.002243
   -0.018515     -0.075498    -0.020601
    0.010318      0.036664     0.006570
   -0.003468     -0.035806    -0.005002
    0.020490     -0.028747     0.000761
   -0.005359      0.045997     0.023388
    0.015647     -0.027013     0.004869
    0.003859      0.089068     0.007691
    0.010779     -0.046270    -0.023739
   -0.006830      0.025155    -0.016405
   -0.020708     -0.013514    -0.000527
    0.029132      0.017052     0.008588
   -0.014231      0.010988     0.025206
    0.015527     -0.075551     0.016239
   -0.017952      0.041960     0.014759
    0.024182     -0.080862     0.003234
    0.010643      0.082001     0.019839
   -0.006871     -0.054757    -0.003740
    0.043114      0.016352    -0.004114
   -0.019163      0.081884    -0.019866
    0.010224     -0.079327    -0.017914
   -0.012069      0.048552     0.009080
    0.031282     -0.042578    -0.015859
   -0.002740      0.035128    -0.015186
   -0.012715     -0.003021    -0.002840
    0.010838     -0.004809    -0.012715
   -0.027883      0.034255     0.010832
    0.005304     -0.048185     0.014016
    0.003826      0.007944     0.002462
    0.012448     -0.047640     0.005592
   -0.013405      0.001430    -0.010060
   -0.004507      0.003663    -0.001848
    0.004489      0.006043    -0.004633
   -0.002210      0.044564     0.009770
   -0.012929     -0.012588     0.000427
    0.012001      0.078003    -0.002823
   -0.007411     -0.011024    -0.006718
    0.019207      0.002449     0.012000
   -0.020291      0.016561     0.012568
    0.026476     -0.033249     0.004046
   -0.004278      0.045098     0.006166
   -0.029625     -0.070080    -0.019923
    0.016825     -0.033514    -0.012588
   -0.008065      0.000433     0.001666
    0.003375     -0.057654    -0.008511
   -0.004760      0.011726     0.018537
   -0.019086      0.014879    -0.013327
    0.016109      0.004487     0.008108
   -0.004874      0.036819     0.009817
   -0.011090     -0.025773    -0.025156
    0.034170      0.042711     0.008962
   -0.003498     -0.027811    -0.020368
   -0.007257      0.036838     0.004602
   -0.001293     -0.023885    -0.004807
   -0.015149      0.032992     0.005184
   -0.026903     -0.037932    -0.009343
    0.013348     -0.053989    -0.011234
   -0.012417      0.034155     0.014554
    0.038664     -0.057873     0.006912
   -0.043256      0.088683     0.006676
    0.026336     -0.087240    -0.001092
   -0.019746      0.088770     0.012191
    0.004767     -0.060940     0.000462
    0.015454      0.023113    -0.003608
    0.012507      0.000526     0.005557
    0.029301     -0.013863     0.023028
   -0.044712      0.083333     0.015240
    0.032441     -0.050530    -0.000552
   -0.053347      0.042280    -0.012522
    0.012949     -0.056561    -0.008230
   -0.008845     -0.008101    -0.011570
    0.002153      0.005066    -0.006851
    0.002385     -0.009874    -0.005372
   -0.002040     -0.002361    -0.004839
    0.006573      0.020840     0.001123
    0.009790     -0.006751    -0.015331
    0.017057      0.025358     0.011588
    0.007660     -0.012363    -0.024085
   -0.015995      0.022356    -0.002523
   -0.004902     -0.004458     0.000273
   -0.042147      0.035451    -0.011880
   -0.018895     -0.030955    -0.005491
   -0.010897      0.015860     0.006770
   -0.000264     -0.033509     0.005977
    0.024955     -0.031869    -0.023161
   -0.001991      0.008733     0.024793
    0.005497     -0.029083     0.004745
    0.020045      0.060446     0.017354
    0.024938     -0.041423    -0.008706
   -0.009260      0.032732     0.030098
    0.018744     -0.029000     0.011174
    0.008427     -0.004681    -0.007125
    0.010581      0.012222     0.013866
    0.000789     -0.012168    -0.011760
    0.022253     -0.010382     0.007689
   -0.036368     -0.017671     0.005063
    0.028889      0.022302     0.016214
   -0.015076     -0.001261    -0.011394
   -0.022498     -0.017430     0.005114
   -0.012607      0.048281     0.014436
   -0.009460      0.011797    -0.000839
    0.031035      0.020955    -0.007906
   -0.026723      0.020380    -0.004757
    0.018639      0.017729    -0.004529
   -0.009013     -0.006564    -0.006108
   -0.002274      0.008651    -0.007306
    0.008474      0.034757     0.011127
    0.000353     -0.079203    -0.009752
    0.007756      0.025431     0.016086
    0.002154     -0.017823     0.001512
   -0.015228     -0.001166    -0.006402
    0.016690     -0.005794     0.004226
   -0.023325      0.010952    -0.005144
    0.024069      0.017260     0.015551
   -0.022269     -0.010481    -0.021735
    0.009099      0.031464     0.030864
    0.007431     -0.033554    -0.011386
   -0.031466      0.002313     0.008382
    0.028431      0.016565     0.006812
   -0.020460     -0.001337    -0.017587
    0.022564     -0.015101     0.014854
   -0.037782      0.005474    -0.012483
    0.016636     -0.008874    -0.011737
   -0.003975     -0.027905    -0.016031
   -0.033630     -0.009023     0.010247
    0.008874      0.007633    -0.005207
   -0.003577     -0.034290     0.009522
    0.016358      0.000975     0.024717
    0.002601      0.009457    -0.003901
    0.000473     -0.044920    -0.013123
    0.014110      0.022167     0.016749
   -0.006515      0.013652    -0.024722
   -0.013292     -0.001798    -0.010975
    0.005888     -0.006853    -0.011607
   -0.007982      0.044907    -0.008050
    0.020202     -0.012916     0.008544
    0.001160      0.017154    -0.006394
    0.019298      0.026780     0.004152
    0.032657     -0.048597    -0.022421
    0.020995      0.039864    -0.004666
    0.001505     -0.019386    -0.001949
    0.026027     -0.001068     0.021932
   -0.021314     -0.011034     0.007591
   -0.022231     -0.022069     0.006940
   -0.031529     -0.020021    -0.017655
   -0.051580     -0.016107    -0.008570
   -0.002759      0.012338     0.016810
   -0.023141      0.001362     0.013183
    0.021758      0.049783     0.020573
   -0.018714      0.009161    -0.022653
    0.010204     -0.016928     0.001983
    0.002930      0.013784    -0.003663
   -0.005793      0.030464    -0.015840
    0.032895     -0.051038     0.021791
   -0.008562     -0.001326    -0.009680
    0.012303      0.010236     0.012808
   -0.027783     -0.030511     0.007978
    0.002646      0.005363     0.017070
   -0.002243      0.001411    -0.002085
    0.003143     -0.001043    -0.018119
    0.015082      0.006864     0.022363
    0.008227      0.043104     0.002491
    0.020623     -0.008680    -0.010526
   -0.019620      0.010682    -0.000538
    0.027055     -0.003747     0.012734
   -0.020967      0.006328    -0.031816
   -0.006996      0.016050     0.011298
   -0.009157      0.004689    -0.004097
   -0.022008      0.004887    -0.006155
    0.005018     -0.034481     0.013876
   -0.039858      0.022083     0.005750
    0.016922     -0.018930     0.001267
   -0.003672      0.000425     0.002444
   -0.007583      0.049920     0.000781
    0.021530     -0.011047    -0.027652
    0.013619      0.005505     0.000523
    0.001448      0.031213    -0.014795
    0.005492     -0.029269     0.002510
    0.017869     -0.046540     0.010409
   -0.031527      0.006948    -0.014699
    0.008569     -0.045771     0.016217
   -0.007351      0.003202    -0.006149
   -0.010822      0.030612    -0.008151
    0.022179     -0.060585    -0.007714
    0.002304      0.008111    -0.003726
    0.024626     -0.020936    -0.014504
   -0.005586     -0.004624    -0.009584
   -0.006204      0.000661     0.022295
   -0.011196      0.032331    -0.006917
    0.022042     -0.010486     0.021759
   -0.006325      0.025220     0.004165
   -0.011713      0.040592     0.022606
   -0.000296     -0.035322     0.004892
   -0.006771      0.010069     0.007879
    0.019025     -0.009481    -0.009267
   -0.002084     -0.006505    -0.003108
    0.002306      0.014685     0.000096
   -0.001099      0.014268    -0.025437
    0.000571     -0.006749     0.018082
    0.009628      0.041479     0.003503
   -0.009152     -0.003619     0.000665
    0.009542     -0.006265     0.007675
    0.009958      0.011451     0.030651
    0.004593      0.020948    -0.003000
    0.009285     -0.009908     0.005866
    0.016178      0.001823     0.006137
   -0.020609      0.016635    -0.015663
   -0.002370     -0.037414     0.000835
   -0.011512      0.000993    -0.005456
   -0.023360      0.017841    -0.007963
   -0.004574      0.004702    -0.011095
    0.007912     -0.022195    -0.003187
   -0.017096      0.027804    -0.016589
    0.006552     -0.033885    -0.005060
   -0.002314     -0.009783     0.002021
   -0.006608      0.011106    -0.001139
    0.004375     -0.005372     0.000852
   -0.002871      0.003513    -0.000577
    0.002552     -0.003048     0.000527
   -0.001843      0.002076    -0.000367
    0.001874     -0.002095     0.000382
   -0.001355      0.001401    -0.000260
    0.001505     -0.001596     0.000302
   -0.001063      0.001018    -0.000198
    0.001269     -0.001294     0.000252
   -0.000867      0.000774    -0.000157
    0.001104     -0.001094     0.000218
   -0.000725      0.000606    -0.000128
    0.000982     -0.000953     0.000194
   -0.000618      0.000484    -0.000107
    0.000888     -0.000848     0.000176
   -0.000533      0.000391    -0.000090
    0.000813     -0.000768     0.000162
   -0.000465      0.000319    -0.000078
    0.000751     -0.000704     0.000151
   -0.000408      0.000261    -0.000067
    0.000700     -0.000653     0.000142
   -0.000361      0.000214    -0.000059
    0.000657     -0.000611     0.000134
   -0.000320      0.000175    -0.000052
    0.000620     -0.000575     0.000127
   -0.000285      0.000141    -0.000045
    0.000588     -0.000545     0.000122
   -0.000255      0.000113    -0.000040
    0.000560     -0.000519     0.000117
   -0.000228      0.000088    -0.000035
    0.000535     -0.000497     0.000113
   -0.000204      0.000066    -0.000031
    0.000514     -0.000477     0.000109
   -0.000183      0.000047    -0.000028
    0.000494     -0.000460     0.000106
   -0.000163      0.000029    -0.000024
    0.000476     -0.000445     0.000103
   -0.000146      0.000014    -0.000021
    0.000460     -0.000431     0.000101
   -0.000130     -0.000000    -0.000019
    0.000446     -0.000419     0.000098
   -0.000116     -0.000013    -0.000016
    0.000433     -0.000407     0.000096
   -0.000102     -0.000024    -0.000014
    0.000420     -0.000397     0.000094
   -0.000090     -0.000035    -0.000012
    0.000409     -0.000388     0.000092
   -0.000079     -0.000045    -0.000010
    0.000399     -0.000380     0.000091
   -0.000068     -0.000054    -0.000008
    0.000390     -0.000372     0.000089
   -0.000059     -0.000062    -0.000007
    0.000381     -0.000365     0.000088
   -0.000050     -0.000070    -0.000005
    0.000373     -0.000358     0.000087
   -0.000041     -0.000077    -0.000004
    0.000365     -0.000352     0.000085
   -0.000033     -0.000084    -0.000002
    0.000358     -0.000346     0.000084
   -0.000025     -0.000090    -0.000001
    0.000351     -0.000341     0.000083
   -0.000018     -0.000096     0.000000
    0.000345     -0.000336     0.000082
   -0.000012     -0.000102     0.000001
    0.000339     -0.000331     0.000081
   -0.000005     -0.000108     0.000002
    0.000333     -0.000327     0.000081
    0.000001     -0.000113     0.000003
    0.000328     -0.000322     0.000080
    0.000006     -0.000118     0.000004
    0.000323     -0.000319     0.000079
    0.000012     -0.000122     0.000005
    0.000318     -0.000315     0.000078
    0.000017     -0.000127     0.000006
    0.000314     -0.000311     0.000078
    0.000022     -0.000131     0.000007
    0.000310     -0.000308     0.000077
    0.000027     -0.000135     0.000007
    0.000306     -0.000305     0.000077
    0.000031     -0.000139     0.000008
    0.000302     -0.000302     0.000076
    0.000036     -0.000143     0.000009
    0.000298     -0.000299     0.000076
    0.000040     -0.000146     0.000009
    0.000295     -0.000297     0.000075
    0.000044     -0.000150     0.000010
    0.000292     -0.000294     0.000075
    0.000048     -0.000153     0.000011
    0.000289     -0.000292     0.000074
    0.000051     -0.000157     0.000011
    0.000286     -0.000289     0.000074
    0.000055     -0.000160     0.000012
    0.000283     -0.000287     0.000074
    0.000058     -0.000163     0.000012
    0.000280     -0.000285     0.000073
    0.000061     -0.000166     0.000013
    0.000277     -0.000283     0.000073
    0.000065     -0.000169     0.000013
    0.000275     -0.000281     0.000073
    0.000068     -0.000171     0.000014
    0.000272     -0.000279     0.000073
    0.000071     -0.000174     0.000014
    0.000270     -0.000278     0.000072
    0.000074     -0.000177     0.000015
    0.000268     -0.000276     0.000072
    0.000077     -0.000179     0.000015
    0.000266     -0.000274     0.000072
    0.000079     -0.000182     0.000016
    0.000264     -0.000273     0.000072
    0.000082     -0.000184     0.000016
    0.000262     -0.000271     0.000071
    0.000084     -0.000187     0.000016
    0.000260     -0.000270     0.000071
    0.000087     -0.000189     0.000017
    0.000258     -0.000268     0.000071
    0.000089     -0.000191     0.000017
    0.000256     -0.000267     0.000071
    0.000092     -0.000193     0.000017
    0.000254     -0.000265     0.000071
    0.000094     -0.000196     0.000018
    0.000253     -0.000264     0.000071
    0.000096     -0.000198     0.000018
    0.000251     -0.000263     0.000070
    0.000099     -0.000200     0.000018
    0.000249     -0.000262     0.000070
    0.000101     -0.000202     0.000019
    0.000248     -0.000261     0.000070
    0.000103     -0.000204     0.000019
    0.000246     -0.000259     0.000070
    0.000105     -0.000206     0.000019
    0.000245     -0.000258     0.000070
    0.000107     -0.000208     0.000019
    0.000244     -0.000257     0.000070
    0.000109     -0.000210     0.000020
    0.000242     -0.000256     0.000070
    0.000111     -0.000212     0.000020
    0.000241     -0.000255     0.000070
    0.000113     -0.000214     0.000020
    0.000240     -0.000254     0.000070
    0.000115     -0.000216     0.000020
    0.000238     -0.000253     0.000070
    0.000117     -0.000218     0.000021
    0.000237     -0.000252     0.000070
    0.000118     -0.000219     0.000021
    0.000236     -0.000251     0.000070
    0.000120     -0.000221     0.000021
    0.000235     -0.000250     0.000070
    0.000122     -0.000223     0.000021
    0.000234     -0.000250     0.000070
    0.000124     -0.000225     0.000022
    0.000233     -0.000249     0.000070
    0.000125     -0.000226     0.000022
    0.000232     -0.000248     0.000070
    0.000127     -0.000228     0.000022
    0.000231     -0.000247     0.000070
    0.000129     -0.000230     0.000022
    0.000230     -0.000246     0.000070
    0.000130     -0.000232     0.000022
    0.000229     -0.000245     0.000070
    0.000132     -0.000233     0.000023
    0.000228     -0.000245     0.000070
    0.000134     -0.000235     0.000023
    0.000227     -0.000244     0.000070
    0.000135     -0.000237     0.000023
    0.000226     -0.000243     0.000070
    0.000137     -0.000238     0.000023
    0.000225     -0.000242     0.000070
    0.000138     -0.000240     0.000023
    0.000224     -0.000241     0.000070
    0.000140     -0.000242     0.000023
    0.000223     -0.000241     0.000070
    0.000141     -0.000243     0.000023
    0.000222     -0.000240     0.000070
    0.000143     -0.000245     0.000024
    0.000221     -0.000239     0.000070
    0.000144     -0.000247     0.000024
    0.000220     -0.000239     0.000070
    0.000146     -0.000248     0.000024
    0.000220     -0.000238     0.000070
    0.000147     -0.000250     0.000024
    0.000219     -0.000237     0.000070
    0.000148     -0.000251     0.000024
    0.000218     -0.000236     0.000070
    0.000150     -0.000253     0.000024
    0.000217     -0.000236     0.000070
    0.000151     -0.000255     0.000024
    0.000216     -0.000235     0.000070
    0.000153     -0.000256     0.000024
    0.000216     -0.000234     0.000070
    0.000154     -0.000258     0.000024
    0.000215     -0.000234     0.000070
    0.000155     -0.000259     0.000024
    0.000214     -0.000233     0.000071
    0.000157     -0.000261     0.000025
    0.000213     -0.000232     0.000071
    0.000158     -0.000263     0.000025
    0.000213     -0.000232     0.000071
    0.000159     -0.000264     0.000025
    0.000212     -0.000231     0.000071
    0.000161     -0.000266     0.000025
    0.000211     -0.000230     0.000071
    0.000161     -0.000268     0.000024
